Starting Training on ./schedulers/st3.pickle
[[3.61960661e-02 9.63803934e-01 0.00000000e+00 0.00000000e+00
  0.00000000e+00 0.00000000e+00 0.00000000e+00 0.00000000e+00]
 [2.50518185e-02 5.55040243e-01 4.19907939e-01 0.00000000e+00
  0.00000000e+00 0.00000000e+00 0.00000000e+00 0.00000000e+00]
 [0.00000000e+00 1.94094074e-02 6.59189317e-01 3.21401275e-01
  0.00000000e+00 0.00000000e+00 0.00000000e+00 0.00000000e+00]
 [0.00000000e+00 0.00000000e+00 8.00446197e-01 1.99547494e-01
  6.30935906e-06 0.00000000e+00 0.00000000e+00 0.00000000e+00]
 [0.00000000e+00 0.00000000e+00 0.00000000e+00 1.97611945e-01
  2.83865259e-01 5.18522797e-01 0.00000000e+00 0.00000000e+00]
 [0.00000000e+00 0.00000000e+00 0.00000000e+00 0.00000000e+00
  9.57607604e-01 3.68945698e-02 5.49782589e-03 0.00000000e+00]
 [0.00000000e+00 0.00000000e+00 0.00000000e+00 0.00000000e+00
  0.00000000e+00 5.52782164e-01 4.47182442e-01 3.53943287e-05]
 [0.00000000e+00 0.00000000e+00 0.00000000e+00 0.00000000e+00
  0.00000000e+00 0.00000000e+00 9.99674747e-01 3.25253429e-04]]
Iteration 0
[[[  0.           0.           0.           0.           0.
     0.           0.           0.        ]
  [  0.           0.           0.           0.           0.
     0.           0.           0.        ]
  [  0.           0.           0.           0.           0.
     0.           0.           0.        ]
  [  0.           0.           0.           0.           0.
     0.           0.           0.        ]
  [  0.           0.           0.           0.           0.
     0.           0.           0.        ]
  [  0.           0.           0.           0.           0.
     0.           0.           0.        ]
  [  0.           0.           0.           0.           0.
     0.           0.           0.        ]
  [  0.           0.           0.           0.           0.
     0.           0.           0.        ]]

 [[  0.           8.5867466    0.           0.           0.
     0.           0.           0.        ]
  [  1.87030666  28.93002512  28.33108559   0.           0.
     0.           0.           0.        ]
  [  0.          20.90475755 962.14659002 471.26283073   0.
     0.           0.           0.        ]
  [  0.           0.         479.9258225  127.15759357   0.
     0.           0.           0.        ]
  [  0.           0.           0.           7.24191834   8.18275041
    11.18891088   0.           0.        ]
  [  0.           0.           0.           0.          15.55984995
     0.           0.           0.        ]
  [  0.           0.           0.           0.           0.
     1.6652896    1.77544368   0.        ]
  [  0.           0.           0.           0.           0.
     0.           0.96306565   0.        ]]]
q [[0. 1. 0. 0. 0. 0. 0. 0.]
 [1. 1. 1. 0. 0. 0. 0. 0.]
 [0. 1. 1. 1. 0. 0. 0. 0.]
 [0. 0. 1. 1. 0. 0. 0. 0.]
 [0. 0. 0. 1. 1. 1. 0. 0.]
 [0. 0. 0. 0. 1. 0. 0. 0.]
 [0. 0. 0. 0. 0. 1. 1. 0.]
 [0. 0. 0. 0. 0. 0. 1. 0.]]
we are converged
[[3.61960661e-02 9.63803934e-01 0.00000000e+00 0.00000000e+00
  0.00000000e+00 0.00000000e+00 0.00000000e+00 0.00000000e+00]
 [2.50518185e-02 5.55040243e-01 4.19907939e-01 0.00000000e+00
  0.00000000e+00 0.00000000e+00 0.00000000e+00 0.00000000e+00]
 [0.00000000e+00 1.94094074e-02 6.59189317e-01 3.21401275e-01
  0.00000000e+00 0.00000000e+00 0.00000000e+00 0.00000000e+00]
 [0.00000000e+00 0.00000000e+00 8.00446197e-01 1.99547494e-01
  6.30935906e-06 0.00000000e+00 0.00000000e+00 0.00000000e+00]
 [0.00000000e+00 0.00000000e+00 0.00000000e+00 1.97611945e-01
  2.83865259e-01 5.18522797e-01 0.00000000e+00 0.00000000e+00]
 [0.00000000e+00 0.00000000e+00 0.00000000e+00 0.00000000e+00
  9.57607604e-01 3.68945698e-02 5.49782589e-03 0.00000000e+00]
 [0.00000000e+00 0.00000000e+00 0.00000000e+00 0.00000000e+00
  0.00000000e+00 5.52782164e-01 4.47182442e-01 3.53943287e-05]
 [0.00000000e+00 0.00000000e+00 0.00000000e+00 0.00000000e+00
  0.00000000e+00 0.00000000e+00 9.99674747e-01 3.25253429e-04]]
Converged
Done Training. Saved new scheduler to ./schedulers/st3.pickle
-0.8877218404851865
[7, 6, 6, 6, 5, 4, 5, 4, 4, 5, 4, 4, 4, 5, 4, 3, 3, 2, 2, 2, 2, 2, 2, 2, 2, 3, 2, 2, 2, 2, 3, 2, 2, 3, 2, 2, 2, 2, 2, 2, 2, 3, 2, 2, 2, 2, 2, 2, 2, 3, 3, 2, 2, 2, 2, 2, 2, 3, 2, 3, 2, 2, 2, 3, 2, 2, 2, 2, 2, 2, 2, 2, 2, 2, 1, 2, 2, 3, 2, 2, 2, 2, 2, 3, 2, 3, 2, 3, 2, 2, 3, 2, 2, 2, 3, 2, 3, 2, 3, 2]
-0.8325537586102514
[4, 4, 5, 4, 5, 4, 3, 2, 2, 2, 3, 2, 2, 2, 3, 2, 3, 3, 3, 3, 3, 2, 2, 2, 3, 2, 2, 2, 2, 3, 3, 2, 2, 3, 2, 3, 2, 2, 3, 3, 2, 3, 2, 3, 2, 2, 1, 1, 2, 2, 2, 2, 2, 2, 2, 2, 2, 2, 3, 2, 2, 3, 2, 2, 2, 3, 3, 3, 2, 1, 2, 3, 3, 3, 2, 2, 2, 2, 2, 2, 2, 2, 2, 2, 2, 3, 2, 3, 2, 2, 2, 3, 2, 3, 3, 2, 2, 3, 2, 2]
-0.8482206581598523
[0, 1, 1, 1, 2, 2, 2, 3, 3, 2, 2, 3, 2, 2, 2, 3, 2, 2, 2, 2, 3, 2, 3, 2, 3, 2, 2, 2, 3, 2, 3, 2, 2, 3, 2, 2, 3, 2, 2, 3, 3, 2, 2, 2, 3, 2, 2, 3, 2, 2, 2, 2, 2, 2, 2, 2, 2, 3, 3, 2, 3, 2, 2, 2, 3, 2, 3, 2, 2, 3, 3, 2, 3, 2, 2, 2, 2, 3, 2, 2, 2, 3, 2, 2, 2, 2, 3, 2, 2, 2, 2, 3, 2, 2, 3, 3, 2, 2, 2, 3]
-0.7022239546739375
[6, 5, 4, 5, 4, 5, 4, 5, 4, 3, 3, 3, 2, 2, 2, 3, 3, 2, 2, 3, 2, 2, 2, 3, 2, 3, 2, 2, 3, 3, 3, 2, 2, 2, 2, 3, 2, 2, 3, 2, 3, 3, 2, 3, 2, 2, 3, 2, 3, 2, 2, 2, 3, 3, 2, 2, 2, 3, 2, 3, 2, 3, 2, 3, 2, 3, 2, 2, 2, 2, 3, 3, 2, 3, 2, 3, 2, 2, 3, 2, 2, 3, 3, 2, 3, 2, 2, 2, 2, 2, 3, 2, 2, 2, 2, 2, 3, 2, 1, 2]
-0.3949778711228736
[5, 4, 5, 4, 5, 4, 4, 3, 3, 2, 2, 2, 3, 2, 2, 2, 3, 3, 2, 2, 2, 3, 3, 2, 2, 2, 3, 2, 2, 2, 2, 2, 3, 2, 2, 2, 3, 3, 2, 2, 2, 2, 3, 2, 3, 2, 3, 2, 2, 2, 2, 2, 3, 3, 2, 3, 2, 2, 3, 2, 2, 2, 2, 3, 3, 2, 2, 2, 2, 3, 2, 3, 3, 2, 2, 3, 2, 2, 1, 1, 1, 1, 2, 3, 2, 2, 2, 3, 2, 2, 2, 2, 2, 2, 2, 3, 2, 3, 2, 3]
-0.6422262306029181
[5, 4, 3, 2, 1, 2, 3, 2, 2, 2, 3, 2, 2, 2, 2, 2, 2, 2, 3, 2, 2, 2, 3, 3, 2, 2, 2, 2, 2, 2, 2, 2, 2, 3, 2, 2, 2, 2, 2, 3, 2, 2, 2, 2, 2, 2, 2, 2, 2, 3, 2, 2, 3, 2, 2, 3, 2, 3, 2, 2, 2, 2, 2, 2, 2, 2, 2, 2, 2, 2, 3, 2, 2, 2, 3, 2, 2, 2, 2, 3, 2, 3, 2, 3, 3, 2, 2, 2, 3, 2, 3, 3, 2, 2, 2, 3, 2, 3, 2, 2]
-1.0935167444615324
[4, 4, 4, 3, 2, 2, 2, 2, 2, 3, 3, 2, 2, 3, 3, 2, 2, 2, 2, 2, 3, 2, 3, 2, 2, 3, 2, 2, 2, 2, 2, 2, 3, 2, 2, 2, 1, 2, 3, 2, 2, 2, 3, 2, 2, 3, 2, 3, 2, 3, 2, 2, 2, 2, 2, 2, 2, 3, 3, 3, 2, 3, 2, 2, 2, 3, 2, 2, 3, 2, 3, 2, 2, 2, 2, 2, 3, 2, 3, 2, 3, 3, 2, 3, 2, 3, 3, 2, 3, 2, 2, 2, 2, 2, 3, 2, 2, 2, 3, 2]
-1.3447251767330706
[0, 1, 2, 1, 1, 1, 1, 2, 2, 2, 2, 2, 3, 3, 2, 2, 2, 2, 2, 2, 2, 2, 2, 2, 2, 2, 2, 3, 2, 3, 2, 2, 3, 2, 2, 2, 2, 2, 3, 2, 3, 2, 3, 2, 2, 2, 2, 2, 3, 2, 3, 2, 2, 2, 3, 2, 2, 3, 2, 2, 2, 3, 2, 2, 2, 2, 2, 2, 2, 2, 2, 2, 2, 3, 2, 2, 2, 3, 2, 2, 3, 2, 3, 2, 3, 2, 2, 2, 2, 2, 2, 2, 2, 3, 2, 2, 2, 3, 2, 2]
-0.7268394480779738
[3, 2, 2, 3, 3, 2, 2, 3, 2, 2, 3, 2, 3, 3, 2, 2, 3, 2, 2, 2, 2, 2, 2, 2, 1, 2, 2, 2, 3, 3, 3, 2, 2, 2, 2, 2, 2, 3, 2, 2, 3, 2, 2, 2, 2, 2, 2, 2, 2, 2, 3, 2, 2, 2, 2, 2, 2, 3, 2, 2, 3, 3, 2, 3, 2, 1, 2, 2, 2, 2, 2, 2, 3, 2, 3, 3, 2, 2, 2, 2, 2, 2, 3, 2, 2, 3, 2, 2, 2, 3, 2, 2, 3, 2, 2, 2, 3, 2, 3, 2]
-0.926461256163262
[0, 1, 1, 1, 1, 1, 1, 2, 2, 3, 3, 2, 2, 2, 2, 2, 2, 2, 2, 2, 3, 2, 3, 2, 2, 2, 2, 2, 2, 2, 1, 2, 2, 1, 1, 2, 2, 2, 2, 2, 2, 3, 2, 2, 2, 2, 3, 2, 2, 2, 3, 3, 2, 2, 2, 3, 2, 1, 2, 3, 2, 2, 3, 2, 3, 2, 2, 2, 2, 2, 2, 2, 3, 2, 2, 2, 2, 3, 2, 2, 2, 2, 2, 2, 2, 2, 2, 3, 2, 2, 2, 2, 2, 3, 2, 2, 2, 2, 2, 2]
-1.0295439064317216
[1, 2, 2, 2, 3, 2, 2, 3, 2, 2, 3, 2, 3, 2, 2, 3, 3, 2, 2, 3, 2, 2, 2, 2, 2, 2, 2, 3, 2, 2, 2, 2, 2, 2, 2, 3, 3, 2, 2, 2, 3, 2, 2, 2, 2, 2, 2, 3, 2, 2, 2, 3, 3, 3, 3, 2, 2, 2, 2, 3, 2, 2, 2, 2, 3, 2, 3, 2, 2, 3, 2, 2, 2, 2, 3, 3, 2, 2, 2, 3, 2, 2, 2, 3, 3, 2, 2, 3, 2, 2, 2, 3, 2, 3, 3, 2, 2, 3, 3, 2]
-1.2068749862249828
[3, 2, 2, 2, 3, 2, 3, 3, 2, 2, 3, 2, 2, 3, 2, 1, 1, 1, 1, 2, 2, 2, 2, 3, 2, 2, 3, 2, 2, 2, 2, 3, 2, 2, 2, 3, 2, 2, 2, 2, 3, 2, 3, 3, 2, 2, 2, 3, 2, 3, 2, 2, 2, 3, 2, 2, 3, 2, 2, 3, 2, 3, 2, 3, 2, 2, 2, 3, 3, 2, 3, 2, 2, 2, 2, 2, 2, 3, 2, 2, 3, 2, 2, 2, 2, 3, 2, 2, 3, 2, 2, 2, 2, 2, 2, 2, 2, 2, 2, 3]
-0.9449087696133475
[4, 5, 4, 5, 4, 4, 5, 4, 3, 3, 2, 3, 2, 2, 2, 3, 2, 3, 2, 2, 3, 2, 3, 2, 3, 2, 2, 2, 2, 2, 3, 2, 3, 2, 3, 2, 2, 3, 2, 3, 3, 3, 3, 2, 2, 2, 2, 3, 3, 2, 3, 2, 3, 2, 2, 2, 2, 3, 2, 2, 2, 2, 2, 3, 2, 3, 2, 3, 2, 2, 2, 2, 2, 2, 2, 3, 2, 3, 2, 3, 2, 2, 3, 2, 2, 2, 3, 2, 2, 2, 2, 2, 2, 2, 2, 3, 3, 3, 2, 2]
-0.07534380739014042
[7, 6, 5, 4, 3, 3, 3, 2, 3, 3, 2, 2, 3, 2, 2, 2, 1, 2, 3, 2, 2, 3, 2, 2, 3, 2, 2, 2, 2, 3, 2, 2, 2, 2, 1, 1, 2, 2, 2, 3, 3, 2, 2, 2, 2, 2, 2, 3, 2, 3, 2, 1, 1, 1, 2, 2, 3, 2, 2, 2, 2, 2, 3, 2, 2, 2, 2, 3, 2, 2, 2, 2, 2, 2, 2, 3, 3, 2, 2, 3, 2, 2, 3, 2, 2, 3, 3, 2, 2, 2, 2, 3, 2, 3, 2, 2, 2, 2, 2, 2]
-1.1532641654253761
[3, 2, 2, 3, 2, 2, 2, 2, 2, 2, 3, 2, 2, 2, 3, 2, 3, 2, 2, 2, 2, 2, 3, 2, 2, 3, 2, 2, 2, 2, 2, 2, 3, 2, 2, 2, 3, 3, 3, 2, 2, 2, 3, 3, 2, 2, 2, 2, 3, 2, 2, 2, 2, 2, 2, 3, 3, 2, 2, 2, 2, 3, 2, 2, 3, 2, 3, 2, 2, 2, 2, 2, 3, 3, 2, 2, 2, 2, 3, 2, 2, 2, 2, 3, 2, 2, 2, 3, 2, 3, 3, 2, 3, 2, 2, 3, 2, 3, 2, 2]
-0.047765350571419986
[5, 4, 4, 5, 4, 5, 4, 5, 4, 5, 4, 4, 4, 5, 4, 5, 4, 4, 5, 4, 5, 4, 4, 5, 4, 3, 2, 3, 2, 1, 1, 2, 3, 2, 3, 2, 2, 2, 2, 2, 3, 2, 3, 2, 3, 2, 2, 2, 3, 3, 3, 2, 3, 3, 2, 3, 2, 3, 2, 3, 2, 2, 2, 2, 3, 2, 3, 2, 2, 3, 3, 3, 2, 3, 3, 3, 2, 2, 2, 2, 2, 2, 3, 2, 3, 2, 3, 2, 2, 2, 2, 3, 3, 3, 2, 3, 2, 3, 2, 3]
-1.5989321606193676
[3, 2, 2, 2, 2, 3, 2, 2, 2, 2, 3, 2, 2, 2, 3, 2, 2, 2, 2, 3, 2, 3, 2, 3, 2, 3, 2, 2, 2, 2, 2, 2, 2, 3, 2, 2, 2, 3, 2, 3, 3, 3, 3, 2, 2, 2, 2, 3, 2, 2, 3, 2, 3, 2, 2, 2, 2, 2, 2, 2, 2, 2, 2, 3, 2, 2, 2, 3, 2, 2, 3, 2, 3, 2, 2, 2, 2, 3, 3, 2, 3, 2, 3, 2, 2, 3, 2, 3, 3, 2, 3, 2, 2, 2, 3, 2, 2, 2, 2, 2]
-0.6993957714980111
[5, 4, 5, 4, 3, 2, 2, 3, 2, 2, 2, 2, 2, 3, 3, 2, 3, 2, 3, 3, 2, 2, 2, 2, 3, 2, 2, 2, 3, 3, 3, 2, 3, 2, 3, 2, 3, 2, 3, 2, 3, 2, 3, 2, 2, 2, 2, 3, 2, 3, 2, 3, 2, 3, 2, 3, 2, 3, 2, 2, 2, 3, 2, 2, 2, 3, 3, 2, 2, 3, 2, 2, 3, 2, 1, 1, 1, 1, 1, 2, 2, 2, 1, 1, 2, 2, 2, 2, 2, 2, 2, 3, 2, 2, 2, 2, 3, 2, 2, 3]
-1.0949812312552523
[0, 1, 1, 2, 2, 2, 2, 3, 2, 3, 2, 3, 2, 2, 2, 3, 2, 2, 3, 3, 2, 2, 3, 2, 2, 3, 2, 2, 2, 2, 3, 3, 3, 2, 3, 2, 2, 2, 1, 1, 0, 1, 2, 3, 2, 3, 2, 3, 3, 3, 3, 2, 2, 3, 2, 3, 2, 2, 2, 2, 3, 2, 2, 3, 3, 3, 2, 2, 2, 3, 2, 2, 3, 2, 2, 2, 3, 2, 2, 2, 2, 2, 3, 2, 3, 2, 2, 2, 2, 2, 3, 2, 2, 2, 3, 2, 2, 2, 2, 1]
-1.5951611594695412
[0, 1, 2, 3, 2, 2, 2, 2, 2, 2, 2, 2, 2, 2, 2, 3, 3, 2, 2, 2, 3, 2, 3, 2, 3, 2, 2, 2, 2, 2, 2, 3, 3, 2, 2, 3, 2, 3, 2, 2, 3, 2, 2, 3, 2, 2, 2, 3, 2, 2, 2, 2, 3, 2, 2, 2, 3, 2, 2, 2, 2, 2, 3, 2, 2, 2, 2, 2, 2, 2, 2, 2, 2, 2, 2, 2, 2, 3, 2, 3, 3, 2, 3, 3, 2, 3, 2, 3, 2, 2, 2, 2, 2, 3, 2, 2, 3, 2, 3, 3]
-0.921284244346191
[5, 4, 4, 3, 2, 2, 3, 2, 2, 2, 2, 2, 2, 3, 2, 1, 2, 2, 2, 2, 3, 2, 2, 2, 2, 3, 2, 2, 2, 2, 2, 2, 3, 2, 2, 2, 1, 1, 1, 2, 3, 2, 2, 2, 3, 3, 3, 2, 2, 2, 2, 2, 2, 3, 3, 3, 2, 2, 3, 2, 3, 2, 3, 2, 2, 2, 2, 3, 2, 2, 3, 2, 2, 3, 2, 2, 2, 2, 2, 3, 2, 3, 2, 2, 2, 3, 3, 2, 2, 3, 2, 2, 2, 2, 2, 2, 3, 3, 3, 2]
-0.9068904626900519
[0, 1, 1, 1, 1, 2, 3, 3, 2, 3, 2, 3, 2, 3, 2, 2, 2, 3, 3, 2, 2, 2, 2, 2, 2, 3, 2, 3, 3, 2, 2, 3, 3, 2, 2, 2, 2, 2, 3, 2, 2, 3, 2, 2, 3, 3, 2, 3, 3, 2, 2, 2, 2, 3, 2, 2, 2, 3, 3, 2, 2, 2, 3, 3, 3, 2, 2, 2, 3, 3, 3, 2, 2, 2, 2, 2, 2, 2, 3, 2, 2, 2, 3, 2, 2, 3, 3, 2, 3, 2, 2, 3, 2, 2, 3, 2, 2, 3, 2, 2]
-0.7753254261039636
[1, 1, 0, 1, 2, 2, 2, 2, 2, 2, 2, 2, 2, 2, 2, 3, 2, 3, 2, 2, 2, 2, 2, 2, 2, 2, 2, 2, 2, 2, 1, 2, 2, 3, 2, 2, 2, 2, 2, 2, 2, 1, 2, 2, 2, 3, 2, 2, 2, 2, 2, 3, 2, 2, 3, 2, 3, 2, 3, 2, 2, 2, 2, 3, 2, 3, 2, 2, 3, 2, 2, 2, 2, 2, 2, 2, 2, 2, 3, 2, 2, 3, 2, 2, 2, 2, 2, 2, 2, 2, 2, 2, 1, 2, 3, 2, 2, 2, 2, 2]
