Starting Training on ./schedulers/st3.pickle
[[3.61960661e-02 9.63803934e-01 0.00000000e+00 0.00000000e+00
  0.00000000e+00 0.00000000e+00 0.00000000e+00 0.00000000e+00]
 [2.50518185e-02 5.55040243e-01 4.19907939e-01 0.00000000e+00
  0.00000000e+00 0.00000000e+00 0.00000000e+00 0.00000000e+00]
 [0.00000000e+00 1.94094074e-02 6.59189317e-01 3.21401275e-01
  0.00000000e+00 0.00000000e+00 0.00000000e+00 0.00000000e+00]
 [0.00000000e+00 0.00000000e+00 8.00446197e-01 1.99547494e-01
  6.30935906e-06 0.00000000e+00 0.00000000e+00 0.00000000e+00]
 [0.00000000e+00 0.00000000e+00 0.00000000e+00 1.97611945e-01
  2.83865259e-01 5.18522797e-01 0.00000000e+00 0.00000000e+00]
 [0.00000000e+00 0.00000000e+00 0.00000000e+00 0.00000000e+00
  9.57607604e-01 3.68945698e-02 5.49782589e-03 0.00000000e+00]
 [0.00000000e+00 0.00000000e+00 0.00000000e+00 0.00000000e+00
  0.00000000e+00 5.52782164e-01 4.47182442e-01 3.53943287e-05]
 [0.00000000e+00 0.00000000e+00 0.00000000e+00 0.00000000e+00
  0.00000000e+00 0.00000000e+00 9.99674747e-01 3.25253429e-04]]
Iteration 0
[[[0.00000000e+00 0.00000000e+00 0.00000000e+00 0.00000000e+00
   0.00000000e+00 0.00000000e+00 0.00000000e+00 0.00000000e+00]
  [0.00000000e+00 0.00000000e+00 0.00000000e+00 0.00000000e+00
   0.00000000e+00 0.00000000e+00 0.00000000e+00 0.00000000e+00]
  [0.00000000e+00 0.00000000e+00 1.45778534e+00 1.09333900e+00
   0.00000000e+00 0.00000000e+00 0.00000000e+00 0.00000000e+00]
  [0.00000000e+00 0.00000000e+00 1.09333900e+00 7.28892669e-02
   0.00000000e+00 0.00000000e+00 0.00000000e+00 0.00000000e+00]
  [0.00000000e+00 0.00000000e+00 0.00000000e+00 7.28892669e-02
   8.01781936e-01 1.16622827e+00 0.00000000e+00 0.00000000e+00]
  [0.00000000e+00 0.00000000e+00 0.00000000e+00 0.00000000e+00
   1.23911754e+00 0.00000000e+00 0.00000000e+00 0.00000000e+00]
  [0.00000000e+00 0.00000000e+00 0.00000000e+00 0.00000000e+00
   0.00000000e+00 7.28892669e-02 7.28892669e-02 0.00000000e+00]
  [0.00000000e+00 0.00000000e+00 0.00000000e+00 0.00000000e+00
   0.00000000e+00 0.00000000e+00 7.28892669e-02 0.00000000e+00]]

 [[0.00000000e+00 3.16513050e+00 0.00000000e+00 0.00000000e+00
   0.00000000e+00 0.00000000e+00 0.00000000e+00 0.00000000e+00]
  [5.70670955e-01 2.98893579e+01 2.08540138e+01 0.00000000e+00
   0.00000000e+00 0.00000000e+00 0.00000000e+00 0.00000000e+00]
  [0.00000000e+00 1.83917958e+01 6.01289308e+02 3.10698520e+02
   0.00000000e+00 0.00000000e+00 0.00000000e+00 0.00000000e+00]
  [0.00000000e+00 0.00000000e+00 3.18659173e+02 7.45213571e+01
   0.00000000e+00 0.00000000e+00 0.00000000e+00 0.00000000e+00]
  [0.00000000e+00 0.00000000e+00 0.00000000e+00 7.82351772e+00
   6.18394302e+00 1.12429458e+01 0.00000000e+00 0.00000000e+00]
  [0.00000000e+00 0.00000000e+00 0.00000000e+00 0.00000000e+00
   1.79225024e+01 2.90723040e-01 0.00000000e+00 0.00000000e+00]
  [0.00000000e+00 0.00000000e+00 0.00000000e+00 0.00000000e+00
   0.00000000e+00 3.71314944e+00 3.31901763e+00 0.00000000e+00]
  [0.00000000e+00 0.00000000e+00 0.00000000e+00 0.00000000e+00
   0.00000000e+00 0.00000000e+00 3.02760270e+00 0.00000000e+00]]]
q [[0.         1.         0.         0.         0.         0.
  0.         0.        ]
 [1.         1.         1.         0.         0.         0.
  0.         0.        ]
 [0.         1.         0.99758143 0.99649337 0.         0.
  0.         0.        ]
 [0.         0.         0.99658067 0.99902286 0.         0.
  0.         0.        ]
 [0.         0.         0.         0.99076931 0.88522567 0.90601886
  0.         0.        ]
 [0.         0.         0.         0.         0.93533336 1.
  0.         0.        ]
 [0.         0.         0.         0.         0.         0.98074788
  0.97851083 0.        ]
 [0.         0.         0.         0.         0.         0.
  0.97649106 0.        ]]
[[1.80980331e-02 9.81901967e-01 0.00000000e+00 0.00000000e+00
  0.00000000e+00 0.00000000e+00 0.00000000e+00 0.00000000e+00]
 [4.95859243e-01 2.85853455e-01 2.18287303e-01 0.00000000e+00
  0.00000000e+00 0.00000000e+00 0.00000000e+00 0.00000000e+00]
 [0.00000000e+00 4.93054528e-01 3.37924289e-01 1.69021183e-01
  0.00000000e+00 0.00000000e+00 0.00000000e+00 0.00000000e+00]
 [0.00000000e+00 0.00000000e+00 4.12707801e-01 5.87289044e-01
  3.15467953e-06 0.00000000e+00 0.00000000e+00 0.00000000e+00]
 [0.00000000e+00 0.00000000e+00 0.00000000e+00 5.82709319e-01
  1.49887529e-01 2.67403152e-01 0.00000000e+00 0.00000000e+00]
 [0.00000000e+00 0.00000000e+00 0.00000000e+00 0.00000000e+00
  4.90886131e-01 5.06364956e-01 2.74891295e-03 0.00000000e+00]
 [0.00000000e+00 0.00000000e+00 0.00000000e+00 0.00000000e+00
  0.00000000e+00 7.63905354e-01 2.36076949e-01 1.76971643e-05]
 [0.00000000e+00 0.00000000e+00 0.00000000e+00 0.00000000e+00
  0.00000000e+00 0.00000000e+00 9.99837373e-01 1.62626714e-04]]
Iteration 1
-0.2907230396541872
[6, 6, 6, 5, 5, 4, 5, 4, 5, 4, 5, 4, 5, 4, 3, 3, 2, 2, 2, 2, 3, 2, 2, 2, 1, 2, 2, 2, 3, 2, 2, 3, 3, 2, 2, 2, 3, 2, 2, 2, 3, 2, 3, 3, 2, 2, 3, 2, 3, 2, 1, 2, 3, 2, 3, 2, 3, 2, 1, 1, 2, 2, 2, 3, 2, 2, 2, 2, 2, 2, 2, 2, 2, 3, 2, 2, 3, 2, 2, 2, 2, 2, 2, 3, 3, 2, 2, 3, 2, 3, 3, 3, 2, 3, 2, 2, 2, 2, 1, 2]
-0.8741085510169431
[7, 6, 6, 5, 4, 4, 5, 4, 3, 2, 2, 2, 2, 2, 3, 2, 2, 2, 3, 2, 3, 2, 2, 2, 3, 2, 3, 2, 2, 3, 2, 3, 2, 3, 2, 3, 2, 3, 3, 2, 2, 3, 2, 2, 2, 3, 2, 2, 2, 3, 2, 3, 2, 3, 2, 2, 2, 2, 3, 2, 3, 2, 2, 3, 3, 2, 3, 2, 2, 3, 3, 2, 3, 2, 2, 3, 2, 2, 2, 2, 3, 2, 3, 3, 2, 2, 2, 2, 3, 3, 2, 3, 2, 2, 3, 2, 2, 3, 3, 2]
-0.5852286697788687
[0, 1, 2, 3, 2, 2, 2, 2, 2, 3, 2, 3, 2, 2, 2, 1, 1, 1, 1, 1, 1, 2, 2, 2, 2, 3, 2, 2, 2, 3, 3, 2, 2, 2, 2, 2, 2, 3, 2, 3, 2, 2, 2, 3, 3, 2, 2, 3, 2, 3, 2, 3, 2, 2, 2, 2, 2, 2, 2, 2, 2, 3, 2, 2, 2, 3, 2, 2, 2, 2, 3, 2, 2, 3, 2, 2, 3, 3, 2, 3, 2, 3, 2, 3, 2, 2, 2, 2, 2, 3, 2, 2, 3, 3, 2, 3, 2, 2, 2, 3]
-0.9037826033007873
[3, 2, 3, 2, 2, 2, 2, 2, 2, 2, 2, 2, 2, 3, 2, 2, 3, 2, 2, 2, 2, 2, 2, 2, 3, 2, 2, 2, 2, 2, 2, 3, 2, 2, 2, 2, 2, 3, 2, 3, 2, 2, 2, 2, 2, 2, 2, 2, 3, 3, 2, 2, 1, 1, 2, 3, 2, 2, 2, 2, 2, 3, 2, 2, 2, 3, 2, 3, 2, 2, 3, 2, 2, 2, 2, 3, 2, 3, 2, 3, 2, 2, 3, 2, 2, 2, 3, 2, 2, 2, 2, 3, 2, 2, 2, 3, 2, 2, 1, 1]
0.07288926694520563
-0.20052629899604618
[2, 2, 2, 2, 2, 3, 3, 2, 2, 3, 2, 3, 2, 2, 2, 2, 2, 2, 3, 2, 2, 3, 3, 2, 2, 3, 2, 2, 3, 2, 2, 2, 3, 3, 2, 2, 2, 2, 2, 3, 2, 2, 2, 2, 2, 3, 3, 3, 2, 3, 3, 2, 2, 2, 2, 3, 2, 2, 2, 1, 1, 1, 1, 1, 1, 1, 2, 2, 2, 2, 2, 2, 2, 2, 2, 1, 1, 2, 2, 2, 3, 3, 2, 2, 3, 2, 3, 2, 2, 2, 3, 2, 1, 2, 3, 2, 2, 2, 3, 2]
-0.9130100522503876
[7, 6, 6, 5, 4, 5, 4, 5, 4, 3, 3, 3, 2, 2, 3, 2, 2, 3, 2, 2, 2, 2, 2, 3, 2, 3, 2, 2, 3, 2, 2, 3, 3, 3, 2, 2, 3, 2, 3, 2, 3, 2, 2, 2, 3, 2, 2, 3, 2, 3, 2, 3, 2, 2, 2, 2, 2, 3, 2, 3, 2, 2, 3, 2, 2, 2, 2, 2, 2, 3, 2, 3, 2, 2, 2, 2, 3, 2, 2, 2, 2, 3, 2, 3, 2, 2, 2, 2, 2, 3, 2, 2, 2, 3, 2, 2, 2, 3, 2, 2]
-0.12295277129861312
[1, 1, 1, 1, 1, 1, 1, 1, 1, 1, 1, 1, 1, 1, 1, 1, 1, 1, 2, 2, 2, 2, 2, 3, 3, 2, 2, 3, 2, 3, 2, 2, 2, 2, 2, 3, 2, 2, 2, 2, 2, 2, 2, 2, 2, 3, 2, 2, 2, 2, 2, 3, 2, 2, 2, 2, 2, 2, 2, 2, 3, 2, 2, 3, 2, 3, 2, 3, 2, 3, 3, 2, 3, 2, 3, 2, 2, 2, 2, 3, 2, 2, 2, 2, 2, 3, 3, 2, 2, 3, 3, 2, 2, 2, 2, 2, 3, 2, 2, 2]
-0.17812807692328395
[0, 1, 2, 2, 3, 3, 3, 2, 2, 2, 2, 2, 3, 3, 2, 3, 2, 2, 2, 3, 2, 3, 2, 2, 3, 2, 3, 3, 2, 3, 2, 2, 3, 2, 1, 1, 1, 1, 1, 1, 2, 3, 2, 2, 2, 3, 2, 3, 2, 2, 2, 2, 3, 2, 2, 2, 2, 2, 3, 2, 3, 2, 3, 2, 2, 2, 2, 3, 2, 3, 2, 2, 3, 2, 2, 2, 3, 2, 2, 2, 2, 3, 2, 2, 2, 1, 1, 1, 1, 1, 2, 2, 2, 3, 2, 2, 3, 2, 2, 2]
-0.8849724118371952
[5, 4, 4, 4, 5, 4, 4, 4, 4, 5, 4, 5, 4, 4, 5, 4, 5, 4, 3, 2, 2, 3, 2, 2, 3, 2, 3, 2, 2, 2, 2, 2, 3, 2, 2, 2, 2, 3, 2, 3, 2, 3, 3, 2, 2, 2, 2, 2, 2, 3, 3, 3, 2, 3, 2, 3, 2, 3, 2, 3, 2, 2, 2, 2, 3, 3, 2, 2, 2, 2, 2, 2, 3, 2, 2, 3, 2, 2, 2, 2, 2, 2, 2, 2, 2, 2, 2, 2, 2, 3, 2, 2, 3, 2, 2, 2, 2, 2, 2, 2]
-0.8750258759173224
[0, 1, 1, 2, 2, 2, 2, 2, 3, 2, 3, 2, 2, 3, 2, 3, 2, 3, 2, 2, 2, 3, 3, 2, 3, 3, 2, 2, 2, 2, 3, 2, 2, 2, 3, 2, 2, 3, 3, 2, 1, 2, 2, 2, 2, 2, 3, 2, 2, 2, 2, 2, 2, 2, 3, 2, 2, 2, 2, 3, 2, 2, 2, 3, 2, 2, 2, 3, 3, 2, 2, 2, 2, 3, 2, 3, 2, 2, 2, 3, 2, 2, 2, 2, 3, 2, 3, 2, 2, 2, 3, 3, 2, 3, 2, 2, 3, 2, 2, 2]
-0.9410516216512228
[5, 4, 5, 4, 3, 2, 2, 3, 3, 2, 3, 2, 2, 3, 2, 2, 2, 2, 2, 3, 2, 2, 2, 3, 2, 2, 2, 2, 2, 2, 2, 2, 2, 3, 2, 2, 3, 2, 2, 2, 2, 2, 3, 3, 3, 2, 2, 1, 2, 2, 2, 2, 2, 3, 3, 2, 2, 2, 3, 2, 2, 3, 2, 3, 2, 2, 3, 2, 3, 2, 2, 3, 2, 3, 2, 3, 2, 2, 2, 2, 2, 2, 2, 2, 2, 3, 2, 2, 3, 3, 3, 2, 2, 3, 2, 3, 2, 2, 2, 2]
-0.19406756264455433
[1, 0, 1, 1, 1, 2, 2, 2, 2, 2, 2, 2, 2, 2, 3, 3, 2, 3, 3, 2, 3, 3, 2, 3, 2, 2, 2, 3, 2, 3, 2, 3, 3, 2, 2, 2, 2, 3, 2, 2, 3, 3, 2, 2, 1, 1, 1, 2, 2, 2, 2, 2, 2, 2, 2, 2, 2, 3, 2, 2, 2, 1, 0, 1, 1, 2, 3, 2, 2, 2, 2, 2, 3, 2, 3, 2, 2, 1, 2, 2, 2, 2, 2, 2, 2, 3, 2, 2, 3, 2, 3, 2, 3, 2, 2, 3, 2, 2, 3, 3]
-0.6444913322767563
[5, 4, 3, 3, 3, 3, 2, 2, 2, 2, 2, 3, 3, 2, 2, 3, 2, 2, 2, 3, 2, 3, 2, 2, 2, 2, 2, 2, 2, 3, 2, 2, 3, 2, 3, 3, 2, 2, 3, 2, 2, 3, 2, 2, 2, 2, 3, 2, 2, 2, 2, 2, 3, 2, 3, 3, 3, 2, 2, 1, 1, 2, 3, 2, 3, 2, 1, 2, 2, 2, 2, 2, 3, 2, 2, 1, 1, 1, 2, 2, 2, 2, 2, 2, 3, 2, 2, 2, 2, 2, 2, 3, 3, 2, 2, 2, 2, 2, 3, 2]
-1.2059603204271876
[2, 2, 2, 2, 3, 2, 3, 2, 2, 2, 3, 2, 2, 3, 2, 2, 2, 2, 2, 2, 2, 2, 2, 3, 2, 3, 2, 2, 2, 2, 2, 2, 2, 2, 1, 2, 3, 2, 2, 3, 2, 3, 2, 2, 2, 3, 2, 2, 2, 3, 3, 2, 2, 2, 2, 2, 3, 2, 2, 2, 3, 3, 3, 2, 3, 2, 2, 2, 2, 2, 2, 3, 2, 2, 3, 2, 2, 2, 3, 3, 3, 2, 2, 2, 3, 2, 3, 2, 3, 2, 2, 2, 2, 2, 3, 2, 2, 2, 3, 2]
-0.7652576225554677
[7, 6, 5, 4, 3, 2, 2, 2, 2, 2, 2, 2, 2, 3, 2, 2, 2, 2, 2, 3, 3, 3, 2, 2, 2, 3, 2, 2, 3, 3, 2, 2, 2, 2, 2, 2, 3, 2, 2, 2, 3, 2, 2, 3, 2, 2, 2, 2, 2, 2, 2, 2, 2, 2, 2, 2, 3, 2, 3, 2, 3, 2, 2, 2, 2, 2, 3, 2, 3, 2, 2, 2, 3, 2, 2, 2, 2, 3, 2, 3, 2, 2, 3, 3, 2, 2, 2, 2, 1, 1, 1, 2, 2, 3, 2, 2, 3, 2, 2, 3]
-1.143961115261487
[4, 5, 4, 3, 2, 3, 2, 2, 2, 3, 2, 2, 2, 2, 2, 2, 2, 3, 2, 3, 3, 2, 1, 2, 2, 3, 2, 2, 2, 3, 2, 3, 2, 3, 2, 2, 2, 3, 3, 2, 2, 2, 2, 3, 3, 2, 2, 2, 2, 3, 2, 2, 2, 2, 2, 3, 2, 2, 3, 3, 2, 2, 2, 2, 2, 2, 3, 2, 2, 2, 2, 2, 2, 2, 3, 2, 3, 2, 2, 2, 2, 2, 2, 3, 2, 3, 2, 2, 2, 3, 3, 2, 2, 2, 3, 2, 3, 2, 3, 2]
-0.45452064042893403
[1, 1, 2, 3, 2, 2, 2, 2, 2, 2, 3, 2, 2, 3, 2, 3, 2, 2, 2, 3, 2, 2, 3, 2, 2, 2, 2, 3, 2, 2, 2, 2, 2, 3, 2, 2, 2, 3, 2, 2, 2, 2, 2, 2, 2, 2, 3, 2, 2, 3, 2, 2, 1, 1, 2, 2, 1, 2, 2, 2, 2, 2, 2, 2, 2, 3, 2, 2, 2, 2, 2, 2, 3, 2, 2, 2, 2, 1, 1, 2, 1, 1, 1, 2, 2, 3, 3, 2, 2, 3, 3, 3, 3, 2, 3, 3, 2, 2, 2, 2]
-0.8039636114188579
[3, 3, 2, 3, 2, 2, 2, 2, 2, 2, 3, 3, 2, 3, 2, 2, 2, 2, 3, 2, 3, 2, 3, 2, 2, 2, 3, 2, 2, 3, 2, 3, 2, 2, 3, 2, 3, 3, 3, 2, 2, 2, 2, 2, 2, 3, 2, 3, 2, 2, 3, 2, 2, 2, 3, 2, 2, 3, 2, 2, 2, 3, 3, 2, 3, 3, 2, 3, 2, 2, 2, 2, 2, 2, 2, 2, 3, 3, 2, 1, 1, 1, 1, 2, 2, 2, 3, 2, 2, 3, 3, 2, 2, 3, 2, 2, 2, 3, 2, 2]
-0.49589179441452824
[5, 4, 3, 3, 3, 2, 2, 2, 3, 2, 2, 2, 3, 2, 2, 2, 2, 2, 3, 2, 3, 2, 3, 2, 2, 2, 2, 2, 2, 2, 3, 2, 1, 1, 2, 2, 2, 3, 2, 2, 3, 2, 2, 2, 3, 3, 2, 3, 2, 2, 2, 3, 2, 2, 1, 1, 1, 1, 1, 2, 1, 1, 1, 2, 2, 2, 3, 2, 2, 2, 2, 3, 3, 3, 2, 2, 2, 2, 2, 2, 2, 2, 2, 2, 2, 2, 2, 2, 3, 2, 2, 3, 2, 3, 2, 2, 2, 2, 2, 2]
-0.9300196085187424
[0, 1, 1, 2, 2, 2, 3, 2, 2, 3, 2, 2, 3, 2, 3, 3, 2, 2, 2, 2, 3, 2, 3, 2, 2, 2, 2, 2, 2, 2, 2, 3, 2, 3, 2, 1, 1, 2, 2, 2, 3, 2, 2, 2, 3, 2, 3, 2, 2, 3, 2, 2, 2, 2, 2, 3, 2, 2, 2, 3, 2, 3, 2, 2, 3, 3, 3, 2, 2, 3, 3, 2, 2, 3, 2, 3, 2, 2, 2, 2, 2, 3, 2, 2, 3, 3, 2, 3, 2, 3, 2, 2, 3, 2, 3, 2, 2, 2, 3, 2]
-0.026057314991838033
[0, 1, 1, 1, 1, 1, 2, 2, 2, 2, 3, 2, 2, 2, 3, 2, 2, 3, 2, 2, 3, 2, 3, 2, 2, 3, 3, 2, 3, 3, 2, 2, 3, 2, 2, 3, 2, 2, 2, 2, 3, 2, 3, 2, 2, 3, 3, 3, 2, 1, 1, 1, 1, 0, 1, 1, 2, 3, 2, 2, 2, 2, 2, 2, 2, 2, 2, 2, 2, 1, 1, 1, 2, 2, 3, 2, 3, 2, 2, 2, 2, 2, 2, 3, 2, 2, 2, 2, 2, 2, 2, 2, 3, 3, 2, 2, 3, 3, 2, 3]
-0.15647851442313548
[3, 2, 2, 3, 2, 2, 2, 2, 3, 2, 3, 3, 2, 2, 2, 2, 2, 2, 2, 2, 2, 2, 2, 3, 2, 2, 2, 2, 2, 2, 3, 2, 3, 2, 2, 2, 2, 3, 2, 1, 1, 1, 1, 2, 3, 2, 2, 2, 3, 2, 3, 3, 3, 3, 2, 2, 2, 3, 2, 2, 1, 1, 0, 1, 1, 2, 2, 2, 2, 2, 3, 2, 2, 2, 2, 2, 2, 3, 2, 3, 2, 2, 3, 2, 2, 3, 2, 3, 2, 3, 2, 2, 2, 2, 2, 3, 2, 1, 2, 3]
-0.4752264756562819
[7, 6, 6, 6, 5, 4, 5, 4, 3, 2, 2, 3, 2, 2, 2, 2, 2, 2, 2, 2, 2, 3, 2, 3, 2, 2, 2, 3, 3, 3, 2, 2, 2, 2, 2, 3, 2, 2, 2, 2, 2, 3, 2, 2, 3, 2, 2, 3, 2, 2, 2, 2, 2, 3, 2, 3, 2, 3, 3, 2, 3, 2, 3, 2, 2, 2, 3, 3, 2, 3, 2, 2, 1, 1, 1, 1, 2, 3, 2, 2, 2, 2, 2, 2, 2, 2, 2, 2, 2, 2, 3, 2, 3, 2, 2, 3, 2, 3, 3, 2]
-0.3948237012376111
[6, 5, 4, 5, 4, 3, 3, 2, 2, 2, 3, 2, 3, 3, 3, 3, 2, 2, 2, 3, 2, 3, 2, 3, 3, 2, 2, 3, 2, 3, 3, 2, 2, 2, 3, 2, 3, 2, 3, 2, 2, 2, 2, 3, 2, 2, 3, 2, 2, 2, 2, 3, 2, 2, 3, 3, 2, 2, 3, 3, 2, 3, 2, 3, 2, 2, 2, 2, 2, 3, 3, 2, 2, 1, 1, 1, 1, 1, 1, 2, 2, 3, 3, 2, 2, 3, 2, 3, 3, 2, 2, 3, 2, 2, 2, 3, 2, 2, 3, 2]
[[[  33.05420884 1668.01131899    0.            0.            0.
      0.            0.            0.        ]
  [1668.83123794  956.21456886  629.48484497    0.            0.
      0.            0.            0.        ]
  [   0.          646.49174325  397.13413225  219.24318917    0.
      0.            0.            0.        ]
  [   0.            0.          252.77388686  367.37738477    0.
      0.            0.            0.        ]
  [   0.            0.            0.           32.90900858    7.63455253
      7.46863874    0.            0.        ]
  [   0.            0.            0.            0.           40.37764732
     43.31060085    0.            0.        ]
  [   0.            0.            0.            0.            0.
     24.54919967    0.            0.        ]
  [   0.            0.            0.            0.            0.
      0.           14.10580821    0.        ]]

 [[   0.            0.            0.            0.            0.
      0.            0.            0.        ]
  [   0.            0.            0.            0.            0.
      0.            0.            0.        ]
  [   0.            0.            0.            0.            0.
      0.            0.            0.        ]
  [   0.            0.            0.            0.            0.
      0.            0.            0.        ]
  [   0.            0.            0.            0.            0.
      0.            0.            0.        ]
  [   0.            0.            0.            0.            0.
      0.            0.            0.        ]
  [   0.            0.            0.            0.            0.
      0.            0.            0.        ]
  [   0.            0.            0.            0.            0.
      0.            0.            0.        ]]]
q [[0. 0. 0. 0. 0. 0. 0. 0.]
 [0. 0. 0. 0. 0. 0. 0. 0.]
 [0. 0. 0. 0. 0. 0. 0. 0.]
 [0. 0. 0. 0. 0. 0. 0. 0.]
 [0. 0. 0. 0. 0. 0. 0. 0.]
 [0. 0. 0. 0. 0. 0. 0. 0.]
 [0. 0. 0. 0. 0. 0. 0. 0.]
 [0. 0. 0. 0. 0. 0. 0. 0.]]
[[1.80980331e-02 9.81901967e-01 0.00000000e+00 0.00000000e+00
  0.00000000e+00 0.00000000e+00 0.00000000e+00 0.00000000e+00]
 [4.95859243e-01 2.85853455e-01 2.18287303e-01 0.00000000e+00
  0.00000000e+00 0.00000000e+00 0.00000000e+00 0.00000000e+00]
 [0.00000000e+00 4.93054528e-01 3.37924289e-01 1.69021183e-01
  0.00000000e+00 0.00000000e+00 0.00000000e+00 0.00000000e+00]
 [0.00000000e+00 0.00000000e+00 4.12707801e-01 5.87289044e-01
  3.15467953e-06 0.00000000e+00 0.00000000e+00 0.00000000e+00]
 [0.00000000e+00 0.00000000e+00 0.00000000e+00 5.82709319e-01
  1.49887529e-01 2.67403152e-01 0.00000000e+00 0.00000000e+00]
 [0.00000000e+00 0.00000000e+00 0.00000000e+00 0.00000000e+00
  4.90886131e-01 5.06364956e-01 2.74891295e-03 0.00000000e+00]
 [0.00000000e+00 0.00000000e+00 0.00000000e+00 0.00000000e+00
  0.00000000e+00 7.63905354e-01 2.36076949e-01 1.76971643e-05]
 [0.00000000e+00 0.00000000e+00 0.00000000e+00 0.00000000e+00
  0.00000000e+00 0.00000000e+00 9.99837373e-01 1.62626714e-04]]
Converged
Done Training. Saved new scheduler to ./schedulers/st3.pickle
2.4948084646034134
2.4155087830216333
2.7283745317687043
2.1847122426527186
3.1490215301704407
3.0466639515738034
2.8684177141928866
3.5068301680466027
2.5272950936238003
2.268826151410104
3.1265223552186585
2.3223143961007326
3.4318559217931393
2.7671778074779105
2.8164518043519395
2.423765148530915
3.026075136756582
3.7436195709131597
