2.516622190528467
2.300952450241302
2.400755994881154
2.534865885429082
2.3526316955789346
2.425240035891812
2.7268431654099365
2.256697479691513
2.218978897744456
2.596613302094806
2.3390758933782116
2.397241114083273
2.807161682025161
2.6450763525688092
2.959941437006118
2.9719465312097393
2.5840661250076233
2.4511440282179704
2.4505566047879648
2.878769536660243
2.601433059789922
2.7677325264514816
2.419479610049928
2.3798549247816068
2.535524131341438
2.4975298562829455
2.6551547254138548
2.4083657086583616
2.583627813822065
2.4663524088955593
2.5955401923060983
2.726707770130397
2.4628113733506383
2.677323306761226
2.57325450897076
2.6148623413799865
2.3700863494471536
2.4878485495237657
2.4665501981165208
2.590658238284993
2.235185399312329
2.1773335632982196
2.20638560885493
2.4389094665451974
2.7757437849712594
2.769329857207674
2.2781729008548983
2.5169454225762795
2.158297564997607
2.600914813681831
2.3846395532800666
2.5124315998058013
2.4442497221010497
2.6539461476043793
2.771788550524667
2.8141828212470577
2.492607178629188
2.7633899385409313
2.4491316285398477
2.9145230962779185
2.596601681680517
2.746699796321296
2.7620395546341308
2.295960581153968
2.572904561175122
2.5505078214778822
2.8043418857597686
2.711335529440344
2.588961844496271
2.6354883826576105
2.6255603120047217
2.5454866079347322
2.513748186157656
2.4936199843306213
2.4787362921696814
2.5801534080639166
2.649543491817432
2.218190226418169
2.6319675256191943
2.468565915374271
2.2123310897570696
2.540606983329958
2.549475151446046
2.717765839111437
2.752519851906329
2.897614928034099
2.5418786432880744
2.490672711164109
2.355934465835254
2.385389812714315
2.3237526593562063
2.5329275915226295
2.2583104934552254
2.4952376465862627
2.7664672133204116
2.320197180429746
2.546540841146656
2.4028166591189954
2.456327332922249
2.7786804483675622
2.660197094949369
2.530434204131016
2.3260296076953035
2.3315987246365935
2.5875339729621536
2.319095913867279
2.317940782177526
2.8497590124774717
2.212377261649336
2.5578013908273425
2.4127274779564036
2.4976955797570155
2.6218740218088685
2.3788039370327634
2.5617517637175675
2.648123991075223
2.585022184425163
2.7212129073329425
2.712865757360072
2.546252916102092
2.564683215650546
2.5171471728336416
2.5522880843955336
2.4580744014325964
2.5046943483607715
2.775046201848798
2.4671182894913737
2.398818150020864
2.521248227032208
2.5016282102039855
2.8975522149237403
2.4496043539051815
2.5474594496142817
2.501088688220818
2.5376092187477726
2.4956930359222524
2.303923972521843
2.8164736853339143
2.330170588655148
2.3054647950309692
2.188531275365167
2.662395663113135
2.84025363493536
2.4798895101548557
2.3451669151769488
2.495341758084478
2.500131068597064
2.392528196771257
2.427770808417666
2.368045415401217
2.4884228778690107
2.4471410016339834
2.5014070941973254
2.5960293623361594
2.451838620899136
2.3384412321585737
2.31148853815199
2.407990495100435
2.4524571627901297
2.6508818354884194
2.5027139895545902
2.357342101438037
2.4730788746003176
2.6360919443470103
2.3643448129561033
2.6602044361040256
2.4088633309104472
2.521343351072103
2.61051229147142
2.5450713045942672
2.6190573475599734
2.656350274893572
2.3904929087797933
2.644026061434784
2.5314753570669777
2.352085609984852
2.3398099892524624
2.5444926100103973
2.6124805511688547
2.563007884308574
2.5383723258404087
2.6383201100490585
2.6160495351490805
2.5909553249465285
2.2241825681570506
2.7254879147832343
2.617886199371202
2.6594984120743304
2.203883237196192
2.3949382973585136
2.60803774038992
2.4577186841965037
2.926118851321461
2.355016201928732
2.5189667007158514
2.5677212087699064
2.677016987291563
2.467161160529758
2.62515950697589
2.2664659594179777
2.6082541225581255
2.278435325350128
2.5559625253103926
2.5690627286575767
2.4251028670675514
2.37815217119708
2.6961253904417193
2.502190622652288
2.493282877550665
2.4956803420618376
2.510405166747686
2.5807176560707368
2.5413203864872393
2.004835705179374
2.629663654658585
2.4812129987299247
2.3468180312165994
2.591585421987423
2.5574709992780065
2.76824221584299
2.8023504775930936
2.519281494201747
2.325718239419163
2.6986850139748437
2.721206215892414
2.3257365644437495
2.2412079530082196
2.5132663833947513
2.428860116882192
2.51065016456108
2.503998344795079
2.6071609005120604
2.4936191700338326
2.1961749994117747
2.936937775933268
2.5598397875745365
2.5877860777328907
2.625113411851433
2.5144193385858573
2.208505777590609
2.359813399471801
2.6467482538706926
2.1122414945510837
2.4126616173651723
2.4348970175435896
2.358891968325304
2.75548367985729
2.701535035417415
2.5094057553531868
2.4767216684083024
2.4003489460690974
2.635765550691235
2.6482666506737313
2.613846719588787
2.488812359638312
2.300186648892384
2.24987636606732
2.7547736191277368
2.4437649800437593
2.2171423451999894
2.407599645386836
2.51381407427706
2.57788062331917
2.7702674894372215
2.636009726021423
2.3512994757569197
2.4054776900560246
2.6480824810064303
2.514476587570097
2.495248643877274
2.6263258980187763
2.71055823102867
2.6681568751128615
2.5365962758813927
2.215791295599683
2.3922895189808804
2.594906272012432
2.4304271567438516
2.595224501320705
2.3807791049757894
2.408210488171601
2.5482064298277813
2.4945515935726843
2.573907544564499
2.5691406044995793
2.364962594972061
2.7387956718594277
2.5964032078279184
2.4376958700058835
2.3546905060975405
2.715506595920662
2.5375022299805137
2.3546935114310776
2.940893504752266
2.6979438130493536
2.3713254865486664
2.431532444503788
2.571994538843808
2.5259318446144428
2.4458397150790563
2.3945564074948993
2.438065277758659
2.585327813932527
2.7188738207395646
2.5521452505581235
2.511699226858333
2.5719393796476773
2.477072872682253
2.3948341050950135
2.7377672651691234
2.7119555663305435
2.6254724645108456
2.445003151784913
2.1353984150514016
2.825525200212457
2.3702394157519633
2.36325104312499
2.468460960190095
2.386581558981513
2.6214568123500217
2.423698159958968
2.589045860011498
2.892035546464835
2.348818828681084
2.5786649939674535
